Fold1 - Confusion Matrix
[79, 19, 2]
[14, 75, 11]
[2, 14, 84]

Fold2 - Confusion Matrix
[87, 10, 3]
[20, 73, 7]
[3, 11, 86]

Fold3 - Confusion Matrix
[86, 12, 2]
[17, 71, 12]
[2, 13, 85]

Fold4 - Confusion Matrix
[86, 12, 2]
[15, 78, 7]
[1, 11, 88]

Fold5 - Confusion Matrix
[83, 15, 2]
[18, 75, 7]
[2, 8, 90]


Sensitivities
[[0.79, 0.87, 0.86, 0.86, 0.83], [0.75, 0.73, 0.71, 0.78, 0.75], [0.84, 0.86, 0.85, 0.88, 0.9]]
Specificities
[[0.92, 0.885, 0.905, 0.92, 0.9], [0.835, 0.895, 0.875, 0.885, 0.885], [0.935, 0.95, 0.93, 0.955, 0.955]]
Precisions
[[0.8315789473684211, 0.7909090909090909, 0.819047619047619, 0.8431372549019608, 0.8058252427184466], [0.6944444444444444, 0.776595744680851, 0.7395833333333334, 0.7722772277227723, 0.7653061224489796], [0.865979381443299, 0.8958333333333334, 0.8585858585858586, 0.9072164948453608, 0.9090909090909091]]
Accuracies
[0.7933333333333333, 0.82, 0.8066666666666666, 0.84, 0.8266666666666667]

Class		Sensitivity(Recall)		Specificity		Precision
A		0.84(0.03)%		0.91(0.01)%		0.82(0.02)%
B		0.74(0.02)%		0.88(0.02)%		0.75(0.03)%
U		0.87(0.02)%		0.94(0.01)%		0.89(0.02)%


Average precision: 0.82
Average recall: 0.82
F1 score: 0.82
Average accuracy: 0.82(0.02)
