Fold1 - Confusion Matrix
[54, 43, 3]
[3, 91, 6]
[2, 8, 90]

Fold2 - Confusion Matrix
[87, 6, 7]
[13, 76, 11]
[3, 6, 91]

Fold3 - Confusion Matrix
[90, 6, 4]
[20, 68, 12]
[6, 3, 91]

Fold4 - Confusion Matrix
[84, 8, 8]
[13, 69, 18]
[4, 1, 95]

Fold5 - Confusion Matrix
[74, 14, 12]
[6, 66, 28]
[3, 3, 94]


Sensitivities
[[0.54, 0.87, 0.9, 0.84, 0.74], [0.91, 0.76, 0.68, 0.69, 0.66], [0.9, 0.91, 0.91, 0.95, 0.94]]
Specificities
[[0.975, 0.92, 0.87, 0.915, 0.955], [0.745, 0.94, 0.955, 0.955, 0.915], [0.955, 0.91, 0.92, 0.87, 0.8]]
Precisions
[[0.9152542372881356, 0.8446601941747572, 0.7758620689655172, 0.8316831683168316, 0.891566265060241], [0.6408450704225352, 0.8636363636363636, 0.8831168831168831, 0.8846153846153846, 0.7951807228915663], [0.9090909090909091, 0.8348623853211009, 0.8504672897196262, 0.7851239669421488, 0.7014925373134329]]
Accuracies
[0.7833333333333333, 0.8466666666666667, 0.83, 0.8266666666666667, 0.78]

Class		Sensitivity(Recall)		Specificity		Precision
A		0.78(0.13)%		0.93(0.04)%		0.85(0.05)%
B		0.74(0.09)%		0.90(0.08)%		0.81(0.09)%
U		0.92(0.02)%		0.89(0.05)%		0.82(0.07)%


Average precision: 0.83
Average recall: 0.81
F1 score: 0.82
Average accuracy: 0.81(0.03)
