Fold1 - Confusion Matrix
[73, 22, 5]
[6, 81, 13]
[2, 5, 93]

Fold2 - Confusion Matrix
[88, 7, 5]
[11, 76, 13]
[3, 1, 96]

Fold3 - Confusion Matrix
[79, 18, 3]
[13, 78, 9]
[3, 5, 92]

Fold4 - Confusion Matrix
[87, 10, 3]
[11, 80, 9]
[4, 3, 93]

Fold5 - Confusion Matrix
[82, 11, 7]
[12, 73, 15]
[5, 2, 93]


Sensitivities
[[0.73, 0.88, 0.79, 0.87, 0.82], [0.81, 0.76, 0.78, 0.8, 0.73], [0.93, 0.96, 0.92, 0.93, 0.93]]
Specificities
[[0.96, 0.93, 0.92, 0.925, 0.915], [0.865, 0.96, 0.885, 0.935, 0.935], [0.91, 0.91, 0.94, 0.94, 0.89]]
Precisions
[[0.9012345679012346, 0.8627450980392157, 0.8315789473684211, 0.8529411764705882, 0.8282828282828283], [0.75, 0.9047619047619048, 0.7722772277227723, 0.8602150537634409, 0.8488372093023255], [0.8378378378378378, 0.8421052631578947, 0.8846153846153846, 0.8857142857142857, 0.808695652173913]]
Accuracies
[0.8233333333333334, 0.8666666666666667, 0.83, 0.8666666666666667, 0.8266666666666667]

Class		Sensitivity(Recall)		Specificity		Precision
A		0.82(0.05)%		0.93(0.02)%		0.86(0.03)%
B		0.78(0.03)%		0.92(0.04)%		0.83(0.06)%
U		0.93(0.01)%		0.92(0.02)%		0.85(0.03)%


Average precision: 0.84
Average recall: 0.84
F1 score: 0.84
Average accuracy: 0.84(0.02)
