Fold1 - Confusion Matrix
[10, 14, 17, 9, 0]
[1, 23, 9, 7, 0]
[0, 3, 29, 4, 4]

[0, 3, 0, 91, 6]

[0, 2, 0, 8, 90]

Fold2 - Confusion Matrix
[21, 13, 9, 5, 2]
[3, 26, 11, 0, 0]
[3, 4, 31, 2, 0]

[2, 7, 4, 76, 11]

[1, 0, 2, 6, 91]

Fold3 - Confusion Matrix
[31, 2, 14, 2, 1]
[19, 9, 12, 0, 0]
[3, 1, 32, 0, 4]

[13, 2, 5, 68, 12]

[5, 0, 1, 3, 91]

Fold4 - Confusion Matrix
[32, 13, 0, 0, 5]
[13, 20, 4, 0, 3]
[3, 5, 24, 2, 6]

[5, 8, 0, 69, 18]

[3, 1, 0, 1, 95]

Fold5 - Confusion Matrix
[28, 12, 3, 1, 6]
[4, 33, 2, 1, 0]
[2, 5, 25, 1, 7]

[2, 4, 0, 66, 28]

[0, 2, 1, 3, 94]


Sensitivities
[[0.2, 0.42, 0.62, 0.64, 0.56], [0.575, 0.65, 0.225, 0.5, 0.825], [0.725, 0.775, 0.8, 0.6, 0.625], [0.91, 0.76, 0.68, 0.69, 0.66], [0.9, 0.91, 0.91, 0.95, 0.94]]
Specificities
[[0.9964285714285714, 0.9678571428571429, 0.8571428571428571, 0.9142857142857143, 0.9714285714285714], [0.9241379310344827, 0.9172413793103448, 0.9827586206896551, 0.906896551724138, 0.9206896551724137], [0.9103448275862069, 0.9103448275862069, 0.8896551724137931, 0.9862068965517241, 0.9793103448275862], [0.8782608695652174, 0.9434782608695652, 0.9782608695652174, 0.9869565217391304, 0.9739130434782609], [0.9565217391304348, 0.9434782608695652, 0.9260869565217391, 0.8608695652173913, 0.8217391304347826]]
Precisions
[[0.9090909090909091, 0.7, 0.43661971830985913, 0.5714285714285714, 0.7777777777777778], [0.5111111111111111, 0.52, 0.6428571428571429, 0.425531914893617, 0.5892857142857143], [0.5272727272727272, 0.543859649122807, 0.5, 0.8571428571428571, 0.8064516129032258], [0.7647058823529411, 0.8539325842696629, 0.9315068493150684, 0.9583333333333334, 0.9166666666666666], [0.9, 0.875, 0.8425925925925926, 0.7480314960629921, 0.6962962962962963]]
Accuracies
[0.7363636363636363, 0.7424242424242424, 0.7, 0.7272727272727273, 0.7454545454545455]

Class		Sensitivity(Recall)		Specificity		Precision
A1		0.49(0.16)%			0.94(0.05)%		0.68(0.16)%
A2		0.56(0.20)%			0.93(0.03)%		0.54(0.07)%
A3		0.70(0.08)%			0.94(0.04)%		0.65(0.15)%
B		0.74(0.09)%			0.95(0.04)%		0.89(0.07)%
U		0.92(0.02)%			0.90(0.05)%		0.81(0.08)%


Average precision: 0.71
Average recall: 0.68
F1 score: 0.70
Average accuracy: 0.73(0.02)
