Fold1 - Confusion Matrix
[85, 11, 4]
[15, 68, 17]
[2, 7, 91]

Fold2 - Confusion Matrix
[87, 11, 2]
[23, 69, 8]
[3, 11, 86]

Fold3 - Confusion Matrix
[91, 7, 2]
[17, 72, 11]
[1, 13, 86]

Fold4 - Confusion Matrix
[84, 14, 2]
[14, 77, 9]
[3, 10, 87]

Fold5 - Confusion Matrix
[85, 13, 2]
[16, 74, 10]
[0, 14, 86]


Sensitivities
[[0.85, 0.87, 0.91, 0.84, 0.85], [0.68, 0.69, 0.72, 0.77, 0.74], [0.91, 0.86, 0.86, 0.87, 0.86]]
Specificities
[[0.915, 0.87, 0.91, 0.915, 0.92], [0.91, 0.89, 0.9, 0.88, 0.865], [0.895, 0.95, 0.935, 0.945, 0.94]]
Precisions
[[0.8333333333333334, 0.7699115044247787, 0.8348623853211009, 0.8316831683168316, 0.8415841584158416], [0.7906976744186046, 0.7582417582417582, 0.782608695652174, 0.7623762376237624, 0.7326732673267327], [0.8125, 0.8958333333333334, 0.8686868686868687, 0.8877551020408163, 0.8775510204081632]]
Accuracies
[0.8133333333333334, 0.8066666666666666, 0.83, 0.8266666666666667, 0.8166666666666667]

Class		Sensitivity(Recall)		Specificity		Precision
A		0.86(0.02)%		0.91(0.02)%		0.82(0.03)%
B		0.72(0.03)%		0.89(0.02)%		0.77(0.02)%
U		0.87(0.02)%		0.93(0.02)%		0.87(0.03)%


Average precision: 0.82
Average recall: 0.82
F1 score: 0.82
Average accuracy: 0.82(0.01)
