Fold1 - Confusion Matrix
[19, 13, 0, 17, 1]
[9, 24, 3, 4, 0]
[7, 10, 17, 4, 2]

[3, 3, 0, 81, 13]

[1, 1, 0, 5, 93]

Fold2 - Confusion Matrix
[32, 11, 3, 3, 1]
[5, 27, 8, 0, 0]
[2, 4, 31, 3, 0]

[4, 7, 0, 76, 13]

[1, 1, 1, 1, 96]

Fold3 - Confusion Matrix
[24, 13, 8, 4, 1]
[5, 17, 15, 3, 0]
[2, 5, 28, 3, 2]

[5, 5, 3, 78, 9]

[2, 1, 0, 5, 92]

Fold4 - Confusion Matrix
[35, 10, 1, 2, 2]
[15, 24, 1, 0, 0]
[5, 4, 30, 0, 1]

[5, 6, 0, 80, 9]

[1, 2, 1, 3, 93]

Fold5 - Confusion Matrix
[31, 13, 0, 4, 2]
[4, 31, 5, 0, 0]
[5, 7, 22, 4, 2]

[4, 8, 0, 73, 15]

[2, 1, 2, 2, 93]


Sensitivities
[[0.38, 0.64, 0.48, 0.7, 0.62], [0.6, 0.675, 0.425, 0.6, 0.775], [0.425, 0.775, 0.7, 0.75, 0.55], [0.81, 0.76, 0.78, 0.8, 0.73], [0.93, 0.96, 0.92, 0.93, 0.93]]
Specificities
[[0.9285714285714286, 0.9571428571428572, 0.95, 0.9071428571428571, 0.9464285714285714], [0.906896551724138, 0.9206896551724137, 0.9172413793103448, 0.9241379310344827, 0.9], [0.9896551724137931, 0.9586206896551724, 0.9103448275862069, 0.9896551724137931, 0.9758620689655172], [0.8695652173913043, 0.9695652173913043, 0.9347826086956522, 0.9782608695652174, 0.9565217391304348], [0.9304347826086956, 0.9391304347826087, 0.9478260869565217, 0.9478260869565217, 0.9173913043478261]]
Precisions
[[0.48717948717948717, 0.7272727272727273, 0.631578947368421, 0.5737704918032787, 0.6739130434782609], [0.47058823529411764, 0.54, 0.4146341463414634, 0.5217391304347826, 0.5166666666666667], [0.85, 0.7209302325581395, 0.5185185185185185, 0.9090909090909091, 0.7586206896551724], [0.7297297297297297, 0.9156626506024096, 0.8387096774193549, 0.9411764705882353, 0.8795180722891566], [0.8532110091743119, 0.8727272727272727, 0.8846153846153846, 0.8857142857142857, 0.8303571428571429]]
Accuracies
[0.7090909090909091, 0.793939393939394, 0.7242424242424242, 0.793939393939394, 0.7575757575757576]

Class		Sensitivity(Recall)		Specificity		Precision
A1		0.56(0.12)%			0.94(0.02)%		0.62(0.08)%
A2		0.61(0.11)%			0.91(0.01)%		0.49(0.05)%
A3		0.64(0.13)%			0.96(0.03)%		0.75(0.13)%
B		0.78(0.03)%			0.94(0.04)%		0.86(0.07)%
U		0.93(0.01)%			0.94(0.01)%		0.87(0.02)%


Average precision: 0.72
Average recall: 0.71
F1 score: 0.71
Average accuracy: 0.76(0.03)
